1992	23.5	-53.69458128
1993	21.75	-7.446808511
1994	27.5	26.43678161
1995	30	9.090909091
1996	31	3.333333333
1997	36.5	17.74193548
1998	41.75	14.38356164
1999	42.25	1.19760479
2000	41.25	-2.366863905
2001	48.75	18.18181818
2002	48.25	-1.025641026
2003	43.75	-9.32642487
2004	48.25	10.28571429
2005	37.77498016	-21.70988568
2006	37.57998016	-0.516214699
2007	33.59384921	-10.60705975
2008	21.67972222	-35.46520351
2009	9.707698413	-55.22221957
2010	3.63040873	-62.60278621
2011	2.706507937	-25.44894698
2012	3.969166667	46.65268898
2013	12.44268651	213.4835988

