-151743.711233
-151676.438854
-151426.82018
-150192.231154
-150136.568967
-148898.563793
-148113.460477
-148041.131189
-147669.251605
-147389.585382
-147218.104019
-146392.562501
-145743.84808
-144370.281536
-143188.171325
-142601.065763
-141817.890397
-141628.594447
-141559.404396
-141231.774263
-140953.546409
-140845.557459
-140456.272773
-140411.493985
-138670.994277
-137903.188601
-136719.838163
-135760.27309
-135760.034254
-135131.385777
-135096.379898
-135033.168952
-134677.908339
-134670.445119
-134391.008311
-134386.965639
-133795.473185
-133142.653026
-132937.943305
-132768.722924
-131953.143462
-131579.947987
-130550.383056
-130438.409811
-130310.101193
-130044.399269
-129885.887652
-129183.710688
-128405.987826
-128271.323341
-128238.97254
-127975.449938
-127731.536478
-127387.35607
-126926.42708
-126645.430258
-126336.619589
-126162.214896
-125510.367611
-125199.627257
-124806.968042
-124339.310426
-124194.88825
-124115.068747
-123982.725525
-123740.774139
-123677.782931
-123460.506603
-123248.601322
-123036.444652
-122901.167934
-122896.288428
-122843.441069
-122796.245585
-122661.600297
-122479.11297
-122417.939838
-122154.048244
-121955.541219
-121857.084321
-121614.880913
-121555.850304
-121522.618932
-121522.990613
-121485.315146
-121360.250625
-121305.939971
-121290.089781
-121173.342623
-121109.462208
-120974.617412
-120968.823832
-120967.323518
-120907.376137
-120894.271264
-120856.749254
-120840.3823
-120807.87693
-120741.259562
-120674.859479
-120661.549321
-120479.845145
-120462.420769
-120375.680107
-120221.758834
-120186.945864
-120179.799946
-120016.223037
-119985.836263
-119983.212166
-119856.810136
-119720.114204
-119587.975976
-119581.467386
-119537.897291
-119492.966276
-119485.189591
-119437.941182
-119420.633856
-119377.808847
-119361.837539
-119327.512128
-119242.293264
-119227.040226
-119203.061339
-119191.755965
-119153.666563
-119095.907818
-119071.351219
-119061.166961
-119027.180774
-118947.351324
-118945.959114
-118911.754919
-118900.54187
-118899.510204
-118874.711316
-118873.54703
-118863.677366
-118842.393004
-118804.204323
-118768.313806
-118443.534968
