[  2.27401380e+00   1.95624101e+00   3.42571776e-01   1.50959393e+00
   8.31861471e-02   3.93467817e-01   2.32620020e+00   1.26669794e+00
   1.83392102e+00   2.28878223e+00   1.26504740e+02   8.12402440e+01
   1.57862514e+02   6.50000000e+01   1.00000000e+02   6.00000000e+01]
[  2.33837528e+00   2.19763865e+00   3.13773438e-01   1.54841699e+00
   6.69701244e-02   4.27340355e-01   2.35347442e+00   1.31902764e+00
   1.74947505e+00   2.29328623e+00   1.27096337e+02   8.15034751e+01
   1.57486436e+02   6.50000000e+01   1.00000000e+02   6.00000000e+01]
[  2.37793304e+00   2.24501191e+00   3.82402609e-01   1.48697347e+00
   4.19386892e-02   3.66560586e-01   2.46179352e+00   1.18212304e+00
   1.72843031e+00   2.29832742e+00   1.25786108e+02   8.16567635e+01
   1.58339652e+02   6.50000000e+01   1.00000000e+02   6.00000000e+01]
[  2.35761488e+00   1.99550432e+00   2.69800188e-01   1.49146087e+00
   9.17135631e-02   5.15804290e-01   2.36058351e+00   1.28298749e+00
   1.77862779e+00   2.49750830e+00   1.24898840e+02   8.23631402e+01
   1.59373549e+02   6.50000000e+01   1.00000000e+02   6.00000000e+01]
[  2.17077827e+00   1.95171354e+00   2.43186921e-01   1.56490056e+00
   1.33569246e-02   4.97950078e-01   2.42407348e+00   1.29793759e+00
   1.77436554e+00   2.56529537e+00   1.26135352e+02   8.22436823e+01
   1.60721919e+02   6.50000000e+01   1.00000000e+02   6.00000000e+01]
[  2.26206526e+00   2.03633367e+00   3.62837562e-01   1.61003017e+00
   1.15798499e-01   5.78537965e-01   2.52545694e+00   1.26197266e+00
   1.83138846e+00   2.62828209e+00   1.25528492e+02   8.13230861e+01
   1.59137311e+02   6.50000000e+01   1.00000000e+02   6.00000000e+01]
[  2.12310678e+00   2.02190834e+00   2.03553457e-01   1.67752721e+00
   5.41819516e-02   4.89537971e-01   2.44933859e+00   1.25305899e+00
   1.95037057e+00   2.62179459e+00   1.26892118e+02   8.22078088e+01
   1.58441183e+02   6.50000000e+01   1.00000000e+02   6.00000000e+01]
[  1.93958791e+00   2.09451203e+00   3.09949530e-01   1.83053471e+00
   1.29305513e-01   4.60063918e-01   2.58622596e+00   1.26595338e+00
   1.83764851e+00   2.60910084e+00   1.25611192e+02   7.92691342e+01
   1.58855828e+02   6.50000000e+01   1.00000000e+02   6.00000000e+01]
[  1.87343264e+00   2.16788666e+00   3.49469079e-01   1.79538583e+00
   5.17069127e-02   3.96134220e-01   2.61512668e+00   1.36021230e+00
   1.78427295e+00   2.65073021e+00   1.23999562e+02   8.04453135e+01
   1.58948799e+02   6.50000000e+01   1.00000000e+02   6.00000000e+01]
[  1.89238485e+00   2.19942228e+00   3.22400698e-01   1.77132984e+00
   7.84142433e-02   4.46072842e-01   2.57891206e+00   1.28149492e+00
   1.94984138e+00   2.62729159e+00   1.23955874e+02   8.03919221e+01
   1.59547109e+02   6.50000000e+01   1.00000000e+02   6.00000000e+01]
[  1.71361495e+00   2.12741880e+00   2.98518413e-01   1.73349953e+00
   1.06420178e-01   5.99490005e-01   2.63372018e+00   1.25585390e+00
   2.14922814e+00   2.44189074e+00   1.23749679e+02   7.85076215e+01
   1.60241012e+02   6.50000000e+01   1.00000000e+02   6.00000000e+01]
[  1.67045372e+00   2.03868221e+00   2.51984424e-01   1.64823557e+00
   7.19114442e-02   6.71516182e-01   2.61298468e+00   1.25134998e+00
   2.22061183e+00   2.53803650e+00   1.23666832e+02   8.05545834e+01
   1.62375013e+02   6.50000000e+01   1.00000000e+02   6.00000000e+01]
[  1.55824229e+00   1.99740617e+00   1.88155481e-01   1.66643159e+00
   1.39667342e-01   7.40727053e-01   2.65842885e+00   1.25287876e+00
   2.35448684e+00   2.42967944e+00   1.22873692e+02   7.95823289e+01
   1.60126103e+02   6.50000000e+01   1.00000000e+02   6.00000000e+01]
[  1.70312294e+00   1.98799117e+00   2.58164196e-01   1.74666305e+00
   7.21514485e-02   6.39792808e-01   2.77207598e+00   1.25232201e+00
   2.48973341e+00   2.58324744e+00   1.22130521e+02   7.89341688e+01
   1.59695679e+02   6.50000000e+01   1.00000000e+02   6.00000000e+01]
[  1.56139441e+00   1.99491823e+00   2.58558129e-01   1.77636695e+00
   1.42853042e-01   4.84657406e-01   2.72468808e+00   1.29204656e+00
   2.42504151e+00   2.84330027e+00   1.23704714e+02   7.95455796e+01
   1.60061077e+02   6.50000000e+01   1.00000000e+02   6.00000000e+01]
[  1.58259395e+00   1.93049275e+00   1.64174057e-01   1.80965865e+00
   1.60132488e-02   3.55401994e-01   2.75180216e+00   1.31646654e+00
   2.50724569e+00   2.91093330e+00   1.24426281e+02   8.09392090e+01
   1.59556349e+02   6.50000000e+01   1.00000000e+02   6.00000000e+01]
[  1.64564076e+00   1.93133566e+00   2.53888881e-01   1.65147362e+00
   1.50974430e-01   3.24407016e-01   2.78469213e+00   1.28316853e+00
   2.56263736e+00   2.99237339e+00   1.24203456e+02   8.05179530e+01
   1.60840218e+02   6.50000000e+01   1.00000000e+02   6.00000000e+01]
[  1.55689011e+00   1.88430131e+00   4.24151908e-01   1.82556103e+00
   7.63413527e-02   3.46709246e-01   2.83640711e+00   1.31550779e+00
   2.51736762e+00   3.00991932e+00   1.23672434e+02   8.04396906e+01
   1.61672834e+02   6.50000000e+01   1.00000000e+02   6.00000000e+01]
[   1.58207521    2.06800288    0.48588934    1.87492466    0.17984782
    0.42698222    2.8344734     1.27403166    2.54615605    3.12897842
  121.80625173   80.06971244  161.52053871   65.          100.           60.        ]
[   1.45792527    1.92520127    0.50273535    1.73322136    0.21925836
    0.318029      2.8701982     1.30524137    2.44527722    3.26271301
  123.14915142   81.42794903  161.5400215    65.          100.           60.        ]
[  1.21144463e+00   1.92614100e+00   6.28937079e-01   1.59391001e+00
   5.64609731e-02   3.32231724e-01   2.85546691e+00   1.40229623e+00
   2.37972827e+00   3.24024468e+00   1.24506998e+02   8.21023594e+01
   1.61261814e+02   6.50000000e+01   1.00000000e+02   6.00000000e+01]
[  1.16857500e+00   1.93949144e+00   5.76593089e-01   1.38097118e+00
   1.04705919e-01   2.24335417e-01   2.81927058e+00   1.44599980e+00
   2.33559749e+00   3.29386458e+00   1.24688023e+02   8.09198104e+01
   1.61029390e+02   6.50000000e+01   1.00000000e+02   6.00000000e+01]
[  1.07039986e+00   1.89598462e+00   6.06858233e-01   1.37556019e+00
   6.67823372e-02   3.07140469e-01   2.93820871e+00   1.44672021e+00
   2.28952153e+00   3.26364787e+00   1.24441673e+02   8.07101514e+01
   1.61818697e+02   6.50000000e+01   1.00000000e+02   6.00000000e+01]
[  1.09104555e+00   1.81145126e+00   6.53372427e-01   1.38673297e+00
   1.06917242e-01   3.92312047e-01   3.05421897e+00   1.29112303e+00
   2.37808829e+00   3.33735107e+00   1.25162793e+02   8.14139292e+01
   1.61649253e+02   6.50000000e+01   1.00000000e+02   6.00000000e+01]
[  9.64075754e-01   1.76490509e+00   5.37778257e-01   1.40761940e+00
   1.23208699e-01   3.21782313e-01   3.08197115e+00   1.46209591e+00
   2.46700785e+00   3.45683219e+00   1.25812183e+02   8.23781991e+01
   1.62029628e+02   6.50000000e+01   1.00000000e+02   6.00000000e+01]
[  1.03250497e+00   1.77036237e+00   5.18296251e-01   1.42054318e+00
   1.01810342e-01   3.08718758e-01   3.09757798e+00   1.49984779e+00
   2.50629159e+00   3.60740366e+00   1.25699403e+02   8.18919117e+01
   1.63265184e+02   6.50000000e+01   1.00000000e+02   6.00000000e+01]
[  8.78768369e-01   1.73585117e+00   5.10157907e-01   1.43949399e+00
   7.68913384e-02   2.21460152e-01   3.22544516e+00   1.52797154e+00
   2.62051667e+00   3.67968562e+00   1.26205615e+02   8.20088122e+01
   1.63650142e+02   6.50000000e+01   1.00000000e+02   6.00000000e+01]
[  6.90509175e-01   1.66434634e+00   5.12191790e-01   1.67897429e+00
   7.95293040e-02   2.70165023e-01   3.06384292e+00   1.60680878e+00
   2.69139668e+00   3.97535692e+00   1.26319912e+02   8.19361280e+01
   1.64923733e+02   6.50000000e+01   1.00000000e+02   6.00000000e+01]
[  5.91119232e-01   1.51833121e+00   5.65798481e-01   1.68860305e+00
   3.20472514e-02   3.80717417e-01   2.96172444e+00   1.65439356e+00
   2.84458386e+00   3.89412307e+00   1.27057667e+02   8.14881489e+01
   1.65474533e+02   6.50000000e+01   1.00000000e+02   6.00000000e+01]
[  5.20611528e-01   1.61465651e+00   4.94867965e-01   1.78786263e+00
   5.26331358e-02   4.42602449e-01   3.01256698e+00   1.65910439e+00
   2.87221329e+00   3.90583238e+00   1.27612444e+02   8.21549359e+01
   1.66757462e+02   6.50000000e+01   1.00000000e+02   6.00000000e+01]
[  6.53591831e-01   1.62716803e+00   5.53629402e-01   1.82827131e+00
   9.19454953e-02   4.62901983e-01   3.05200529e+00   1.60731285e+00
   2.85374369e+00   4.00119296e+00   1.26414925e+02   8.14866481e+01
   1.65461837e+02   6.50000000e+01   1.00000000e+02   6.00000000e+01]
[  6.58340700e-01   1.66353902e+00   5.77668622e-01   1.95185568e+00
   6.63641473e-02   5.37442127e-01   3.07198950e+00   1.60670167e+00
   2.85918103e+00   4.08923558e+00   1.24236203e+02   8.16696981e+01
   1.64488751e+02   6.50000000e+01   1.00000000e+02   6.00000000e+01]
[  7.89239145e-01   1.62480576e+00   5.90664234e-01   1.87452158e+00
   5.60039883e-02   7.10327769e-01   3.20588447e+00   1.61043799e+00
   2.80156540e+00   4.14266783e+00   1.25655196e+02   8.15231041e+01
   1.65323860e+02   6.50000000e+01   1.00000000e+02   6.00000000e+01]
[  8.08939759e-01   1.63700689e+00   5.30335485e-01   1.87538552e+00
   1.25399806e-01   7.32000514e-01   3.28135301e+00   1.59413380e+00
   2.67638723e+00   4.26900240e+00   1.26362866e+02   8.14079756e+01
   1.64290119e+02   6.50000000e+01   1.00000000e+02   6.00000000e+01]
[  8.13434667e-01   1.70636629e+00   5.11469938e-01   1.98142726e+00
   3.61333680e-02   7.33036822e-01   3.35098898e+00   1.64760705e+00
   2.65179313e+00   4.25922874e+00   1.25745601e+02   8.19460690e+01
   1.64341674e+02   6.50000000e+01   1.00000000e+02   6.00000000e+01]
[  8.12492086e-01   1.63635820e+00   4.16827531e-01   1.87947748e+00
   6.84742760e-02   7.46994761e-01   3.37899225e+00   1.57448652e+00
   2.67341217e+00   4.32988790e+00   1.25819233e+02   8.23699864e+01
   1.64894816e+02   6.50000000e+01   1.00000000e+02   6.00000000e+01]
[  7.22165584e-01   1.83120036e+00   6.16295685e-02   2.02063694e+00
   6.80445396e-02   9.89557646e-01   3.31252402e+00   1.62889740e+00
   2.73611358e+00   4.42334932e+00   1.25166437e+02   8.29408911e+01
   1.63481306e+02   6.50000000e+01   1.00000000e+02   6.00000000e+01]
[  7.37619745e-01   1.85657566e+00   1.75505321e-01   2.04136137e+00
   1.06913774e-01   1.02127732e+00   3.34126611e+00   1.55436075e+00
   2.76784958e+00   4.58512555e+00   1.23818035e+02   8.25760738e+01
   1.62126628e+02   6.50000000e+01   1.00000000e+02   6.00000000e+01]
[  5.99409661e-01   1.88465738e+00   2.37945199e-01   1.96606952e+00
   9.74614465e-02   9.07503404e-01   3.49836998e+00   1.58122814e+00
   2.79932820e+00   4.68243669e+00   1.24331443e+02   8.14890154e+01
   1.61731611e+02   6.50000000e+01   1.00000000e+02   6.00000000e+01]
[   0.60465621    1.92103292    0.17678001    2.03337982    0.20502643
    1.0624339     3.4927226     1.51709678    2.87510451    4.75452231
  124.86058785   82.0157359   162.9027822    65.          100.           60.        ]
[  6.61718981e-01   1.91154990e+00   2.01578169e-01   2.10155448e+00
   1.38631827e-01   1.02855633e+00   3.42918260e+00   1.56827010e+00
   2.95079461e+00   4.79187147e+00   1.25541425e+02   8.25984447e+01
   1.62814611e+02   6.50000000e+01   1.00000000e+02   6.00000000e+01]
[  5.84292684e-01   1.84731644e+00   1.69408027e-01   2.10229783e+00
   9.13798288e-02   8.68123637e-01   3.54626545e+00   1.64728466e+00
   3.12137040e+00   4.71965387e+00   1.24437250e+02   8.33145716e+01
   1.63553532e+02   6.50000000e+01   1.00000000e+02   6.00000000e+01]
[  5.80104625e-01   1.87616655e+00   1.75046456e-01   2.18370534e+00
   7.36596556e-02   7.63506583e-01   3.64653979e+00   1.65374457e+00
   3.43912980e+00   4.83076503e+00   1.24151603e+02   8.34402674e+01
   1.61653547e+02   6.50000000e+01   1.00000000e+02   6.00000000e+01]
[  5.31286770e-01   1.89050531e+00   3.53130691e-01   2.16924421e+00
   1.16408453e-01   8.51182251e-01   3.70237541e+00   1.57058179e+00
   3.36716563e+00   4.86268363e+00   1.24608672e+02   8.31788461e+01
   1.61000518e+02   6.50000000e+01   1.00000000e+02   6.00000000e+01]
[   0.48097956    1.95160788    0.31128484    2.08773118    0.16803607
    1.01706897    3.91365696    1.56445617    3.34799798    4.82057942
  123.66367392   80.91578971  160.98825918   65.          100.           60.        ]
[  2.48692978e-01   1.90192111e+00   2.46093386e-01   2.13524337e+00
   1.09273834e-01   9.59966398e-01   3.96826947e+00   1.62464223e+00
   3.44324738e+00   4.77839793e+00   1.21720921e+02   8.11750022e+01
   1.61489353e+02   6.50000000e+01   1.00000000e+02   6.00000000e+01]
[   0.34180269    1.85934887    0.32970367    2.22398532    0.18869529
    0.94489982    3.98923547    1.57918985    3.38956088    4.93116733
  121.99580101   79.37603991  161.42974558   65.          100.           60.        ]
[  3.38223025e-01   1.83723048e+00   2.16979935e-01   2.37845865e+00
   8.58910375e-02   1.02998953e+00   4.16349410e+00   1.71218846e+00
   3.52704610e+00   4.97304436e+00   1.20472398e+02   8.19917230e+01
   1.61456903e+02   6.50000000e+01   1.00000000e+02   6.00000000e+01]
[  4.03410693e-01   1.97657896e+00   2.16399349e-01   2.38913609e+00
   1.36290216e-01   1.01568012e+00   4.11352139e+00   1.69301148e+00
   3.55674599e+00   5.12214601e+00   1.20783119e+02   8.26897796e+01
   1.62003906e+02   6.50000000e+01   1.00000000e+02   6.00000000e+01]
[  5.56405985e-01   2.05142319e+00   2.56383136e-01   2.46837749e+00
   7.80192348e-02   9.43994037e-01   4.19814523e+00   1.71548580e+00
   3.64541437e+00   5.21155369e+00   1.20694179e+02   8.42863044e+01
   1.62002234e+02   6.50000000e+01   1.00000000e+02   6.00000000e+01]
[  5.76850539e-01   2.06134157e+00   2.09434057e-01   2.44331668e+00
   8.22396949e-02   1.00080679e+00   4.07447382e+00   1.70431669e+00
   3.62587841e+00   5.31252664e+00   1.21257834e+02   8.41670477e+01
   1.62718000e+02   6.50000000e+01   1.00000000e+02   6.00000000e+01]
[  6.73949516e-01   2.04365397e+00   3.41665388e-01   2.37761698e+00
   9.16772476e-02   9.25894664e-01   4.05203878e+00   1.72712260e+00
   3.81334444e+00   5.41444315e+00   1.22366177e+02   8.34505759e+01
   1.62775058e+02   6.50000000e+01   1.00000000e+02   6.00000000e+01]
[  6.79431769e-01   2.06496288e+00   3.72749341e-01   2.25062047e+00
   1.13260464e-01   8.83161871e-01   4.12413015e+00   1.72500648e+00
   3.89270062e+00   5.39800307e+00   1.20303468e+02   8.34562752e+01
   1.62786548e+02   6.50000000e+01   1.00000000e+02   6.00000000e+01]
[  5.79661360e-01   2.09021969e+00   3.33995652e-01   2.28831202e+00
   6.88030920e-02   9.29710157e-01   4.13189468e+00   1.77499304e+00
   3.97878556e+00   5.29928052e+00   1.21168981e+02   8.34232624e+01
   1.63857392e+02   6.50000000e+01   1.00000000e+02   6.00000000e+01]
[  6.19432916e-01   2.12771417e+00   4.93674007e-01   2.17849822e+00
   1.15464537e-01   9.52013733e-01   4.12841103e+00   1.83514014e+00
   4.02606478e+00   5.30586246e+00   1.20808164e+02   8.44779259e+01
   1.63056429e+02   6.50000000e+01   1.00000000e+02   6.00000000e+01]
[  6.11720060e-01   2.02306219e+00   4.87522618e-01   1.95118298e+00
   8.54914546e-02   9.24294100e-01   4.14079842e+00   1.87731742e+00
   4.00662651e+00   5.38895050e+00   1.20805155e+02   8.40463031e+01
   1.63596241e+02   6.50000000e+01   1.00000000e+02   6.00000000e+01]
[  5.58885438e-01   2.20853142e+00   5.64203242e-01   1.93643556e+00
   1.40475279e-01   9.85470977e-01   4.08001488e+00   1.86053036e+00
   4.16397391e+00   5.62764569e+00   1.21356723e+02   8.41888461e+01
   1.63464464e+02   6.50000000e+01   1.00000000e+02   6.00000000e+01]
[  4.83197547e-01   2.34906808e+00   4.66733537e-01   1.98096806e+00
   1.37398966e-01   9.36211715e-01   4.25838141e+00   1.92566893e+00
   4.19743347e+00   5.72155025e+00   1.21723264e+02   8.52486065e+01
   1.63855737e+02   6.50000000e+01   1.00000000e+02   6.00000000e+01]
[  2.62780991e-01   2.34450375e+00   4.67115864e-01   1.78242085e+00
   6.83775093e-02   1.11183500e+00   4.28411621e+00   2.03809395e+00
   4.39889102e+00   5.83107370e+00   1.21503461e+02   8.52993138e+01
   1.65410276e+02   6.50000000e+01   1.00000000e+02   6.00000000e+01]
[  1.70693208e-01   2.29132223e+00   4.16622002e-01   1.82351384e+00
   9.76840213e-02   1.07732871e+00   4.36290550e+00   2.12135382e+00
   4.49202676e+00   5.91835386e+00   1.23094416e+02   8.33736842e+01
   1.65469585e+02   6.50000000e+01   1.00000000e+02   6.00000000e+01]
[  2.85064150e-01   2.35651247e+00   3.39260340e-01   1.83184077e+00
   1.43969590e-01   1.07370793e+00   4.33375763e+00   2.16507339e+00
   4.54672258e+00   5.97736635e+00   1.22258198e+02   8.12074443e+01
   1.64532145e+02   6.50000000e+01   1.00000000e+02   6.00000000e+01]
[  3.82957294e-01   2.36652023e+00   3.01729090e-01   1.92610845e+00
   3.30346885e-02   9.73276158e-01   4.45441183e+00   2.35812026e+00
   4.46760352e+00   6.08247343e+00   1.22174989e+02   8.21756147e+01
   1.65008337e+02   6.50000000e+01   1.00000000e+02   6.00000000e+01]
[  4.02849747e-01   2.38022312e+00   2.59432205e-01   1.90359651e+00
   1.47254418e-01   8.66845590e-01   4.38365649e+00   2.33399167e+00
   4.47041829e+00   6.01035907e+00   1.22863999e+02   8.42135828e+01
   1.66597847e+02   6.50000000e+01   1.00000000e+02   6.00000000e+01]
[  4.71257022e-01   2.44520132e+00   2.95165927e-01   1.82446084e+00
   1.18286127e-01   8.38509669e-01   4.38230343e+00   2.45809774e+00
   4.41369009e+00   5.94008564e+00   1.25057806e+02   8.45393809e+01
   1.66163084e+02   6.50000000e+01   1.00000000e+02   6.00000000e+01]
[  5.35666272e-01   2.38556728e+00   2.79257107e-01   1.91046772e+00
   9.88010522e-02   8.42121959e-01   4.38866729e+00   2.54957248e+00
   4.40477320e+00   5.97107442e+00   1.24949664e+02   8.37057354e+01
   1.66625867e+02   6.50000000e+01   1.00000000e+02   6.00000000e+01]
[  7.64924799e-01   2.43555765e+00   2.17300717e-01   1.93122979e+00
   7.92977897e-02   7.99528310e-01   4.30141259e+00   2.55008245e+00
   4.53817277e+00   6.07485724e+00   1.23634389e+02   8.45184655e+01
   1.66966185e+02   6.50000000e+01   1.00000000e+02   6.00000000e+01]
[  8.89375482e-01   2.41810339e+00   7.93903424e-02   1.97376552e+00
   1.65469915e-01   8.74662875e-01   4.38013101e+00   2.52410998e+00
   4.57705515e+00   6.11849878e+00   1.24960140e+02   8.39879495e+01
   1.67760997e+02   6.50000000e+01   1.00000000e+02   6.00000000e+01]
[  6.95084796e-01   2.32071591e+00   1.45252300e-01   2.00956232e+00
   1.84665463e-01   9.66995326e-01   4.53965283e+00   2.54225290e+00
   4.53299325e+00   5.90150258e+00   1.26710371e+02   8.31893483e+01
   1.67858837e+02   6.50000000e+01   1.00000000e+02   6.00000000e+01]
[  7.99663315e-01   2.32047829e+00   2.15705264e-01   1.98006923e+00
   1.58592376e-01   9.93892670e-01   4.77006945e+00   2.61921281e+00
   4.50888095e+00   6.05769939e+00   1.26061455e+02   8.24779575e+01
   1.67946349e+02   6.50000000e+01   1.00000000e+02   6.00000000e+01]
[  8.86886798e-01   2.25545991e+00   1.58944960e-01   1.92345123e+00
   5.23633654e-02   9.44168989e-01   4.79193636e+00   2.68212411e+00
   4.49425748e+00   6.18577815e+00   1.26618613e+02   8.29051098e+01
   1.66943588e+02   6.50000000e+01   1.00000000e+02   6.00000000e+01]
[  8.96287536e-01   2.27534911e+00   8.85712639e-02   1.86305070e+00
   9.78559774e-02   9.02987714e-01   4.94800584e+00   2.60253442e+00
   4.46071995e+00   6.23962864e+00   1.26324741e+02   8.35619216e+01
   1.67147382e+02   6.50000000e+01   1.00000000e+02   6.00000000e+01]
[  9.07302108e-01   2.18677114e+00   6.33271783e-02   1.81488941e+00
   8.47776004e-02   8.34320255e-01   4.92600764e+00   2.66574872e+00
   4.53952796e+00   6.23663926e+00   1.27093413e+02   8.28913964e+01
   1.67655090e+02   6.50000000e+01   1.00000000e+02   6.00000000e+01]
[  9.46865719e-01   2.18968428e+00   1.71955726e-01   1.79483141e+00
   1.43897483e-01   1.04444869e+00   4.88415065e+00   2.60670542e+00
   4.61896748e+00   6.18671394e+00   1.27724413e+02   8.21487962e+01
   1.68566309e+02   6.50000000e+01   1.00000000e+02   6.00000000e+01]
[  9.71865512e-01   2.34181902e+00   8.04017137e-02   1.79088850e+00
   1.06253474e-01   1.03312557e+00   4.81086117e+00   2.59146706e+00
   4.70569874e+00   6.30608580e+00   1.26907619e+02   8.10764248e+01
   1.68419599e+02   6.50000000e+01   1.00000000e+02   6.00000000e+01]
[  1.06852472e+00   2.34987479e+00   2.05671803e-01   1.77003016e+00
   7.94103731e-02   9.23146514e-01   4.84834952e+00   2.54505299e+00
   4.91137110e+00   6.27000936e+00   1.27048692e+02   8.08076937e+01
   1.66448708e+02   6.50000000e+01   1.00000000e+02   6.00000000e+01]
[  1.15409676e+00   2.27837730e+00   1.15972585e-01   1.50903452e+00
   7.20656732e-02   8.77768587e-01   4.84089938e+00   2.60139425e+00
   4.85579254e+00   6.37363967e+00   1.27400591e+02   8.27352075e+01
   1.66462692e+02   6.50000000e+01   1.00000000e+02   6.00000000e+01]
[   1.24307705    2.23069509    0.22157059    1.54796129    0.17282775
    0.77450493    4.88764649    2.58053296    4.87972552    6.4746187
  125.85247029   81.64697701  167.7176576    65.          100.           60.        ]
[  1.33186910e+00   2.16158309e+00   1.36399996e-01   1.56499800e+00
   2.43641557e-01   7.68944858e-01   5.16101313e+00   2.40729641e+00
   4.86244077e+00   6.39504361e+00   1.26527711e+02   8.38110589e+01
   1.66923374e+02   6.50000000e+01   1.00000000e+02   6.00000000e+01]
[   1.42507784    2.16338088    0.17544209    1.61871568    0.26668058
    0.87951766    5.23911416    2.41976358    4.98895716    6.50804377
  127.27460517   85.12101809  166.3714757    65.          100.           60.        ]
[  1.24173573e+00   2.21485801e+00   6.81476247e-02   1.54728612e+00
   2.28002335e-01   9.91854681e-01   5.14196941e+00   2.52832297e+00
   4.96631529e+00   6.76953050e+00   1.28072625e+02   8.46927490e+01
   1.67963823e+02   6.50000000e+01   1.00000000e+02   6.00000000e+01]
[   1.2083942     2.18491201    0.20510985    1.7021301     0.24919215
    1.06106852    5.24098199    2.62899618    5.10420893    6.87776965
  127.40019915   85.49166014  168.39247294   65.          100.           60.        ]
[  1.14962649e+00   2.37323225e+00   1.42559078e-01   1.61110140e+00
   1.85615821e-01   7.49996288e-01   5.16669367e+00   2.65397956e+00
   5.09761796e+00   6.78417466e+00   1.27766978e+02   8.53126663e+01
   1.68959324e+02   6.50000000e+01   1.00000000e+02   6.00000000e+01]
[  9.80316684e-01   2.49631637e+00   1.57992745e-01   1.51403534e+00
   1.50998081e-01   6.77472714e-01   5.26213406e+00   2.62988366e+00
   5.04454361e+00   6.74930704e+00   1.30300739e+02   8.51131152e+01
   1.69078515e+02   6.50000000e+01   1.00000000e+02   6.00000000e+01]
[  1.01434059e+00   2.33698220e+00   1.01407154e-01   1.33186438e+00
   7.80713494e-02   6.80319049e-01   5.25995417e+00   2.67156326e+00
   5.13777478e+00   6.80464579e+00   1.31115679e+02   8.50982081e+01
   1.67864452e+02   6.50000000e+01   1.00000000e+02   6.00000000e+01]
[  1.02372910e+00   2.35242063e+00   3.19773778e-01   1.34036412e+00
   1.45509441e-01   9.43795761e-01   5.37595343e+00   2.65883278e+00
   5.19746935e+00   6.91175478e+00   1.31463166e+02   8.47157993e+01
   1.67875430e+02   6.50000000e+01   1.00000000e+02   6.00000000e+01]
[  1.05654052e+00   2.32345261e+00   2.67168558e-01   1.39628215e+00
   1.47556191e-01   1.01492346e+00   5.36815722e+00   2.57329060e+00
   5.22977467e+00   7.03885317e+00   1.30209435e+02   8.58530072e+01
   1.69709105e+02   6.50000000e+01   1.00000000e+02   6.00000000e+01]
[  1.03985228e+00   2.35590602e+00   3.16862871e-01   1.30894779e+00
   1.12720843e-01   1.00907207e+00   5.27709608e+00   2.56887204e+00
   5.29664676e+00   7.19395234e+00   1.30531909e+02   8.62494508e+01
   1.71516403e+02   6.50000000e+01   1.00000000e+02   6.00000000e+01]
[  1.00712109e+00   2.24508215e+00   3.62347439e-01   1.17273031e+00
   1.44420811e-01   8.35411958e-01   5.28282240e+00   2.61065723e+00
   5.41034272e+00   7.12070929e+00   1.32192323e+02   8.69444005e+01
   1.70312062e+02   6.50000000e+01   1.00000000e+02   6.00000000e+01]
[   0.83661725    2.42684855    0.25428619    1.10899017    0.17951044
    0.90864434    5.35026587    2.5460028     5.29726779    7.23245909
  131.06207888   84.5153158   172.51065434   65.          100.           60.        ]
[   0.8653528     2.48465455    0.22128866    1.0434898     0.21409874
    1.01959552    5.46315706    2.5427339     5.39264807    7.15412111
  128.78130383   83.7636544   171.62044488   65.          100.           60.        ]
[  7.89109637e-01   2.46958342e+00   2.79329711e-01   1.03999049e+00
   1.15788140e-01   1.03738555e+00   5.54465987e+00   2.53309334e+00
   5.45935480e+00   7.16452417e+00   1.30042321e+02   8.33527351e+01
   1.72359798e+02   6.50000000e+01   1.00000000e+02   6.00000000e+01]
[  9.09468393e-01   2.58211706e+00   2.98497877e-01   1.17675125e+00
   3.66233605e-02   1.02848850e+00   5.62670725e+00   2.61680429e+00
   5.58807955e+00   7.12852254e+00   1.29098473e+02   8.45987992e+01
   1.72278233e+02   6.50000000e+01   1.00000000e+02   6.00000000e+01]
[  1.18512842e+00   2.54387180e+00   3.17276346e-01   1.17358584e+00
   9.72603423e-02   9.55724138e-01   5.65044076e+00   2.57082617e+00
   5.62414842e+00   7.31053793e+00   1.30395084e+02   8.44469996e+01
   1.72458462e+02   6.50000000e+01   1.00000000e+02   6.00000000e+01]
[   1.11997579    2.49743155    0.31085018    1.01681715    0.21379963
    0.94447366    5.49517771    2.61805131    5.62885012    7.12797322
  130.04010964   84.50989665  173.63119549   65.          100.           60.        ]
[   0.94531858    2.34044379    0.23386692    0.90416825    0.19342163
    1.00724835    5.51722446    2.62119144    5.68510713    7.23947352
  129.98989313   84.95967786  172.53613786   65.          100.           60.        ]
[  1.08418146e+00   2.46552544e+00   2.73095367e-01   9.13256966e-01
   1.15222731e-01   8.84267343e-01   5.48150088e+00   2.64493748e+00
   5.93008129e+00   7.50147908e+00   1.29662508e+02   8.61528569e+01
   1.70779810e+02   6.50000000e+01   1.00000000e+02   6.00000000e+01]
[  1.08754352e+00   2.51552754e+00   3.23065057e-01   8.78273086e-01
   1.61476891e-01   9.93885015e-01   5.56832527e+00   2.64803321e+00
   5.69302101e+00   7.63048617e+00   1.30321983e+02   8.73621789e+01
   1.70062124e+02   6.50000000e+01   1.00000000e+02   6.00000000e+01]
[   1.00015856    2.48821988    0.31949326    0.99400396    0.28924783
    1.01083349    5.52023526    2.48751426    5.63755397    7.86946313
  130.02634031   87.16239574  170.95346029   65.          100.           60.        ]
[  9.40147398e-01   2.72673049e+00   2.61636418e-01   9.61472840e-01
   1.23000778e-01   7.58931271e-01   5.59449393e+00   2.38167579e+00
   5.56096748e+00   8.01673254e+00   1.28986105e+02   8.75365854e+01
   1.71425311e+02   6.50000000e+01   1.00000000e+02   6.00000000e+01]
[  1.04620583e+00   2.78064233e+00   3.03366587e-01   8.07772430e-01
   1.62631363e-01   6.63386206e-01   5.66307620e+00   2.60442945e+00
   5.63809353e+00   7.90079567e+00   1.29001054e+02   8.76925455e+01
   1.70963264e+02   6.50000000e+01   1.00000000e+02   6.00000000e+01]
[   1.03023198    2.81340214    0.32566651    1.0508852     0.27160217
    0.54753061    5.727222      2.56971287    5.73064542    7.79401758
  128.08737713   87.7521373   169.31153673   65.          100.           60.        ]
[   0.94526878    2.86836481    0.38583629    0.9683977     0.1926224
    0.71399057    5.63075483    2.64340973    5.60900719    7.75678369
  128.70343867   89.14184551  171.07619843   65.          100.           60.        ]
[  1.05316764e+00   2.80204007e+00   2.54622142e-01   1.13398659e+00
   1.43631919e-01   6.88846981e-01   5.75042756e+00   2.53836370e+00
   5.53532171e+00   7.78378044e+00   1.28701523e+02   9.04434864e+01
   1.72402290e+02   6.50000000e+01   1.00000000e+02   6.00000000e+01]
[   1.1573581     2.8375944     0.33781619    1.07376217    0.20753928
    0.5478083     5.85701493    2.63836495    5.59765018    7.9639659
  130.19485653   87.59591561  174.22682098   65.          100.           60.        ]
[  1.19981254e+00   2.91164295e+00   1.88982159e-01   1.12235851e+00
   1.48648631e-01   5.97285023e-01   5.93766326e+00   2.54824866e+00
   5.61127707e+00   8.01582290e+00   1.30821236e+02   8.75751934e+01
   1.72150315e+02   6.50000000e+01   1.00000000e+02   6.00000000e+01]
[  1.27503663e+00   2.81325160e+00   2.76975812e-01   1.16485480e+00
   1.15098866e-01   5.03324490e-01   5.87946255e+00   2.63443645e+00
   5.52812186e+00   8.01540121e+00   1.32929906e+02   8.76084047e+01
   1.72690703e+02   6.50000000e+01   1.00000000e+02   6.00000000e+01]
[   1.14328033    2.8031239     0.31178926    1.06286503    0.21326595
    0.50910583    5.96487827    2.62718288    5.69213182    7.98178239
  132.39125763   88.13158358  174.71393502   65.          100.           60.        ]
[   1.24135495    2.95351825    0.31873379    1.0485487     0.20819236
    0.53565733    5.97086834    2.66606018    5.80931568    8.04207265
  132.06916126   86.51203493  174.4041378    65.          100.           60.        ]
[  1.21226974e+00   2.95005896e+00   2.36319121e-01   1.05099287e+00
   1.01163514e-01   5.45169993e-01   6.11886933e+00   2.65086087e+00
   5.87321572e+00   7.93201659e+00   1.34137240e+02   8.74795491e+01
   1.74767367e+02   6.50000000e+01   1.00000000e+02   6.00000000e+01]
[  1.16940867e+00   2.89554076e+00   2.40236453e-01   9.49967847e-01
   1.06525056e-01   5.09154591e-01   6.21682366e+00   2.60516875e+00
   5.87898241e+00   7.95751663e+00   1.33578747e+02   8.89094188e+01
   1.75836903e+02   6.50000000e+01   1.00000000e+02   6.00000000e+01]
[  1.24062450e+00   2.82790259e+00   1.78684592e-01   1.16045380e+00
   6.08650392e-02   5.92909895e-01   6.40973032e+00   2.73126689e+00
   5.86261505e+00   7.94989284e+00   1.34800868e+02   8.78281109e+01
   1.76436489e+02   6.50000000e+01   1.00000000e+02   6.00000000e+01]
[  1.27478735e+00   2.72898908e+00   2.06674116e-01   1.21108000e+00
   1.38641846e-01   5.33888114e-01   6.56401684e+00   2.61356016e+00
   5.90793019e+00   8.11177181e+00   1.34896916e+02   8.87237447e+01
   1.76897358e+02   6.50000000e+01   1.00000000e+02   6.00000000e+01]
[  1.27473182e+00   2.56333442e+00   2.26017223e-01   1.22704197e+00
   1.47369275e-01   5.85247370e-01   6.56800361e+00   2.65347436e+00
   6.05236546e+00   8.29889308e+00   1.34637756e+02   8.91818726e+01
   1.77122769e+02   6.50000000e+01   1.00000000e+02   6.00000000e+01]
[  1.14575374e+00   2.58541151e+00   2.15956376e-01   1.25201285e+00
   1.64056456e-01   5.61644340e-01   6.61766185e+00   2.65317725e+00
   5.97356133e+00   8.39177909e+00   1.32000701e+02   8.92728157e+01
   1.77437623e+02   6.50000000e+01   1.00000000e+02   6.00000000e+01]
[   1.15988613    2.59857107    0.23335402    1.45603628    0.20664852
    0.51931321    6.61765116    2.66879084    6.04246725    8.38256983
  131.23828433   88.12531489  178.53552144   65.          100.           60.        ]
[  1.27790579e+00   2.64745937e+00   2.04257151e-01   1.36723093e+00
   1.60192277e-01   4.65421273e-01   6.64976555e+00   2.73293638e+00
   5.96065979e+00   8.38645917e+00   1.32619324e+02   8.90862418e+01
   1.78237419e+02   6.50000000e+01   1.00000000e+02   6.00000000e+01]
[  1.32089317e+00   2.53117374e+00   1.68667160e-01   1.41184755e+00
   1.44545689e-01   5.63128165e-01   6.75465790e+00   2.75263767e+00
   5.92293095e+00   8.27003158e+00   1.33630146e+02   8.82518623e+01
   1.76729188e+02   6.50000000e+01   1.00000000e+02   6.00000000e+01]
[   1.10433431    2.61930549    0.22412767    1.42724478    0.24684467
    0.50662808    6.91846473    2.70166509    6.01680672    8.37446908
  133.06680692   89.14082292  176.37615282   65.          100.           60.        ]
[   1.07862258    2.53060024    0.21832085    1.38721005    0.2271905
    0.51042903    6.98665174    2.67787386    6.11823243    8.44563378
  132.18377791   89.58023136  177.28728515   65.          100.           60.        ]
[   1.0781823     2.64613063    0.20180386    1.31762784    0.19088805
    0.57367508    7.04953755    2.73327302    6.07308093    8.55536108
  131.86403888   89.8646478   179.29444666   65.          100.           60.        ]
[  9.96756927e-01   2.57972898e+00   2.12069862e-01   1.26322387e+00
   1.69941189e-01   5.38266946e-01   7.15064585e+00   2.74676579e+00
   6.18423209e+00   8.59382033e+00   1.31574244e+02   9.16067592e+01
   1.77731206e+02   6.50000000e+01   1.00000000e+02   6.00000000e+01]
[  1.00255286e+00   2.57631993e+00   2.32087320e-01   1.30701668e+00
   1.49766843e-01   5.40400556e-01   7.12148753e+00   2.73610185e+00
   6.30563583e+00   8.65263470e+00   1.33446345e+02   9.17209244e+01
   1.76979960e+02   6.50000000e+01   1.00000000e+02   6.00000000e+01]
[  1.17579865e+00   2.66157033e+00   1.98509338e-01   1.36856182e+00
   1.47999565e-01   7.40802287e-01   7.16289946e+00   2.69613657e+00
   6.16973739e+00   8.87101349e+00   1.34196139e+02   9.28867343e+01
   1.78114984e+02   6.50000000e+01   1.00000000e+02   6.00000000e+01]
[   1.55547241    2.762301      0.24149426    1.43367704    0.2267638
    0.62466784    7.15233117    2.64345343    6.14304413    9.00805291
  132.38053604   94.25472029  178.14722735   65.          100.           60.        ]
[  1.65962954e+00   2.74472235e+00   2.50261091e-01   1.49770497e+00
   1.47105147e-01   6.55131110e-01   7.15413225e+00   2.68641549e+00
   6.18129244e+00   9.18478808e+00   1.32330593e+02   9.40270940e+01
   1.79046747e+02   6.50000000e+01   1.00000000e+02   6.00000000e+01]
[  1.61269931e+00   2.81596744e+00   2.63089603e-01   1.59905619e+00
   1.29997990e-01   7.79391940e-01   7.03177996e+00   2.73763278e+00
   6.21884665e+00   9.25155799e+00   1.32211178e+02   9.45949354e+01
   1.79238993e+02   6.50000000e+01   1.00000000e+02   6.00000000e+01]
[  1.55158681e+00   2.71539888e+00   2.89753890e-01   1.60278403e+00
   1.36069058e-01   9.23452852e-01   6.91914370e+00   2.72821026e+00
   6.30871934e+00   9.44295320e+00   1.32513959e+02   9.49505152e+01
   1.81563811e+02   6.50000000e+01   1.00000000e+02   6.00000000e+01]
[  1.55650604e+00   2.71339050e+00   2.99283692e-01   1.64584566e+00
   1.46608023e-01   8.97735914e-01   7.05466160e+00   2.71926364e+00
   6.36144097e+00   9.57504797e+00   1.32334601e+02   9.63859329e+01
   1.81360781e+02   6.50000000e+01   1.00000000e+02   6.00000000e+01]
[  1.70266141e+00   2.78192918e+00   2.13551902e-01   1.72618635e+00
   1.34122594e-01   8.48063813e-01   7.07503121e+00   2.79791416e+00
   6.22132893e+00   9.54998725e+00   1.31976108e+02   9.76695182e+01
   1.80488040e+02   6.50000000e+01   1.00000000e+02   6.00000000e+01]
[  1.72129764e+00   2.61121927e+00   1.73090914e-01   1.88725950e+00
   1.94158351e-01   8.00795891e-01   7.38381777e+00   2.76774278e+00
   6.14956287e+00   9.37175465e+00   1.31262678e+02   9.58955054e+01
   1.79009556e+02   6.50000000e+01   1.00000000e+02   6.00000000e+01]
[   1.75371086    2.63585477    0.22167323    1.91418829    0.18070027
    0.79354286    7.32501075    2.76754173    6.22642788    9.3804647
  131.49729885   94.70057863  179.83604554   65.          100.           60.        ]
[   1.83845106    2.62199162    0.20229242    1.87292658    0.26709322
    0.75644874    7.5567868     2.72585462    6.34690082    9.43331917
  131.31742139   96.05842086  179.50586025   65.          100.           60.        ]
[  1.72393815e+00   2.64645658e+00   1.85772909e-01   1.72408470e+00
   1.74345906e-01   6.58710762e-01   7.57284204e+00   2.80046036e+00
   6.41944566e+00   9.58081115e+00   1.33138924e+02   9.51736257e+01
   1.81141603e+02   6.50000000e+01   1.00000000e+02   6.00000000e+01]
[  1.90080920e+00   2.76431762e+00   1.63629522e-01   1.78487213e+00
   1.91895049e-01   7.91855952e-01   7.74117155e+00   2.78037883e+00
   6.39224756e+00   9.49556978e+00   1.33592038e+02   9.56722373e+01
   1.80513642e+02   6.50000000e+01   1.00000000e+02   6.00000000e+01]
[   1.86750829    2.72848368    0.18881122    1.74443856    0.27200173
    0.81735135    7.74010766    2.7575871     6.45967748    9.58492547
  133.80736033   96.51740239  180.84233687   65.          100.           60.        ]
[   1.94953995    2.81248308    0.21294994    1.89501102    0.19650097
    0.68705241    7.68815253    2.75377155    6.6570551     9.67714276
  134.56849473   95.46079392  181.0643377    65.          100.           60.        ]
[   1.88701827    2.79973325    0.25021419    1.98070582    0.27649963
    0.84877289    7.69150312    2.72098434    6.70165095    9.76004467
  135.11097658   94.91457624  181.38437558   65.          100.           60.        ]
[   1.9337162     2.73821228    0.22406115    2.19839996    0.29571892
    0.73229511    7.73516497    2.80401087    6.63045563    9.81766451
  134.32803316   95.77032972  182.96496368   65.          100.           60.        ]
[  1.82699558e+00   2.79222669e+00   2.47901696e-01   2.24316700e+00
   1.65707933e-01   7.24433154e-01   7.62124670e+00   2.82380302e+00
   6.77639995e+00   9.86659981e+00   1.35088731e+02   9.50735129e+01
   1.82766423e+02   6.50000000e+01   1.00000000e+02   6.00000000e+01]
[   1.81853699    2.7868703     0.25076759    2.11221534    0.29496471
    0.78315732    7.72801874    2.80137991    6.85471703    9.81349424
  135.60881135   93.39432665  183.40413407   65.          100.           60.        ]
[   1.96624206    2.73409306    0.28085483    2.01129863    0.3066734
    0.78720996    7.73905568    2.80426849    6.86489233    9.98756981
  136.54430553   95.09772323  185.35188484   65.          100.           60.        ]
[   2.17436149    2.74322525    0.27141895    2.12789902    0.32129707
    0.78351469    7.72565838    2.87706507    6.90161658   10.05435164
  136.42691562   93.78235562  186.37858787   65.          100.           60.        ]
[   2.2017421     2.64471895    0.28362192    1.98154591    0.43018218
    0.88504236    7.61601877    3.06554069    7.0202341     9.92305382
  135.90477257   94.59406422  185.64136837   65.          100.           60.        ]
